038
00C
001
006
144
144
146
153
120
154
16F
16E
161
172
169
16E
169
120
0C0
141
16C
169
162
165
172
174
169
120
120
120
120
120
120
120
120
120
120
120
120
120
120
120
120
120
120
120
140
@040
038
00C
001
006
153
165
16c
165
163
174
120
177
161
176
165
120
120
120
120
120
0C0
166
175
16e
163
174
169
16f
16e
120
120
120
120
120
120
120
120
120
120
120
120
120
120
120
120
120
120
140
@080
038
00C
001
006
173
171
175
161
172
165
164
120
120
120
120
120
120
120
120
120
120
120
120
120
120
140
@0C0
038
00C
001
006
174
172
169
161
16e
167
175
16c
161
172
120
120
120
120
120
120
120
120
120
120
120
120
120
120
140
@100
038
00C
001
006
173
169
16e
165
120
120
120
120
120
120
120
120
120
120
120
120
120
120
120
120
120
120
120
140
@140
038
00C
001
006
174
172
169
161
16E
167
175
16C
161
172
120
131
120
120
120
120
120
120
120
120
120
120
120
120
120
120
120
140
@180
038
00C
001
006
174
172
169
161
16E
167
175
16C
161
172
120
132
120
120
120
120
120
120
120
120
120
120
120
120
120
120
120
140
@1C0
038
00C
001
006
174
172
169
161
16E
167
175
16C
161
172
120
133
120
120
120
120
120
120
120
120
120
120
120
120
120
120
120
140
@200
038
00C
001
006
173
169
16e
165
120
131
120
120
120
120
120
120
120
120
120
120
120
120
120
120
120
140
@240
038
00C
001
006
173
169
16e
165
120
132
120
120
120
120
120
120
120
120
120
120
120
120
120
120
120
140
@740
00C
002
00C
173
165
16C
165
163
174
165
164
120
120
120
120
120
120
120
120
120
120
120
120
120
120
120
120
120
120
140
@780
038
00C
001
006
144
145
146
141
155
14C
154
120
173
174
161
174
165
0C0
170
172
165
173
173
120
172
165
173
165
174
120
120
120
120
120
120
120
120
120
120
120
120
120
120
120
120
120
140
@7C0
038
00C
001
006
145
152
152
14F
152
120
0C0
170
172
165
173
173
120
172
165
173
165
174
120
120
120
120
120
120
120
120
120
120
120
120
120
120
120
120
120
140