000000000000
000001001100
000010011001
000011100101
000100110010
000101111110
000111001010
001000010110
001001100010
001010101101
001011111001
001101000100
001110001111
001111011001
010000100011
010001101101
010010110111
010011111111
010101001000
010110010000
010111011000
011000011111
011001100101
011010101011
011011110000
011100110101
011101111001
011110111100
011111111111
100001000001
100010000010
100011000011
100100000010
100101000001
100101111111
100110111100
100111111001
101000110100
101001101111
101010101000
101011100001
101100011000
101101001111
101110000101
101110111001
101111101101
110000011111
110001010001
110010000001
110010110000
110011011110
110100001011
110100110111
110101100001
110110001011
110110110011
110111011010
111000000000
111000100100
111001000111
111001101001
111010001010
111010101001
111011000111
111011100011
111011111111
111100011001
111100110001
111101001001
111101011110
111101110011
111110000110
111110011000
111110101000
111110110111
111111000101
111111010001
111111011011
111111100101
111111101101
111111110011
111111111000
111111111100
111111111110
111111111111
